17622432.680948
-17284020.846755
-10379279.460586
-3976758.200761
6480804.932605
8532848.918988
3288706.305412
2204516.324492
1967911.674499
-773708.298736
-2752603.589337
-1070257.175023
-1270275.471728
-1145652.245865
-201808.574750
-386842.542161
-44364.360510
292890.343386
115645.628225
225915.510531
205665.281306
58644.930892
116565.361188
3851.772322
27058.950188
11937076.287620
-11123193.422327
-4125776.708899
-7079870.881110
3666356.332952
3164364.476597
5444046.662418
-1189319.067415
2114684.770158
-268581.954745
-917571.956598
-1584684.359106
630210.939612
-1111605.568526
420652.232489
-10816.303699
-50477.815941
83665.402025
145100.637870
-100453.394581
175131.960923
-110870.519543
2185.127458
-17928.406155
-27833.614513
-1808476.410965
1430385.261842
157851.058760
1626413.584696
-181939.977026
-109137.961234
-1155524.693500
529277.178230
-107650.932258
-139783.069159
24868.963083
272081.219105
-270279.677388
51883.493972
-31215.322946
-88878.847101
35423.201487
-930.018523
-9340.797341
39532.346975
-6945.498189
7627.450733
23459.799140
-6032.400458
3567.923522
16051220.975780
-14732403.602299
5459332.734621
-10093961.935605
4557471.237126
-4195407.130309
7742714.316839
-1881618.203328
-2851923.901842
-149249.325892
1212276.019359
-2220604.374118
1003982.186302
1513703.459736
-579932.393356
47082.471072
-107683.234417
-107384.052063
190703.319945
-160097.942491
-240265.975358
155974.155823
-13656.242255
-18418.414316
39702.700047
818509.980864
-1016338.336171
155298.261666
-10843.849742
616578.207987
-213303.037392
37628.557461
-2919.893851
41836.534508
-192077.174267
118553.204545
-32311.914034
-15346.913474
-18242.967471
-4728.542704
14073.383809
23314.783686
-23280.117333
8804.976739
6513.523967
1654.474437
-705.245107
-2947.476957
-726.976642
2154.006643
17482842.867353
-18788549.400408
8500224.680341
1232048.073230
8767329.305700
-7900953.075473
-1067645.904001
1518378.459674
551088.759164
-1829075.222833
3094500.051752
382503.448045
-1038992.801521
-329779.909631
120078.049197
107660.074931
98217.091865
-442608.666153
-49952.843441
230505.848075
63322.730735
-47084.954894
-31959.235543
1698.768947
8876.555850
-3432556.982023
3268943.757961
-1884475.388245
-1162222.616532
-1172978.881669
1437706.497600
902048.749753
-319397.860250
-583654.187024
149609.796642
-415069.421389
-270910.618716
164755.647368
305733.373288
1109.186023
-118558.240739
-771.965977
39168.454037
28131.227992
-24637.560264
-47275.278971
-526.657523
32146.579982
4052.528578
-7517.453478
-16312919.120230
15457407.449542
-6068162.487679
-9276169.493148
-5224627.357860
4847779.695146
7404199.185661
1236951.013897
-2826790.863351
355809.651759
-1482682.887592
-2264418.866410
-690137.514151
1587574.133087
468836.404504
-76147.355021
94291.293891
141465.390175
216878.345566
117143.550087
-270944.923115
-135443.628496
23022.340961
20359.731936
23291.907936
1809055.647817
-2172443.073393
-54704.248489
674675.686499
1183176.039369
31721.243728
-834342.857477
-25401.213347
-44599.627033
-281426.710985
-3684.109921
409037.732155
84674.845796
18854.892586
15079.397350
26747.694605
15969.575096
-708.238195
-66669.830811
-30556.399591
-1905.416242
-3204.993057
-249.410139
-4689.021135
2096.953324
-19292704.558011
17741896.675264
7134933.614101
-11686557.491699
-5505536.667705
-5490502.475276
8997318.530368
1830821.619168
3568141.894386
178603.961107
1580497.319047
-2590662.740672
-982480.244209
-1909722.914418
-657847.813672
-51001.950636
131489.958444
-135826.770752
222307.534916
157901.876671
305993.235864
178831.165047
13418.917730
28029.804244
-38158.084113
16693660.677188
-14778591.961751
-11277566.273681
5750806.597390
3964954.729373
8412053.929970
-4280169.852226
2303150.995455
-3204561.895432
191634.369191
-2254062.003525
1136691.003770
-1203699.876269
1680216.905187
-103338.737777
673216.778488
-155276.884607
156941.630471
-75876.745793
184480.619315
-257012.637212
26308.599315
-181507.354763
-14751.650663
-47889.707789
-16881710.010750
16392341.324932
10812083.729236
-469715.529893
-5982314.199330
-8809040.450342
348853.976918
-2851423.419180
303032.698704
641403.290927
2804452.911070
-90555.434223
1626515.735423
-162120.627476
417258.809440
-77100.255954
57023.851872
-293248.898737
5038.886356
-285009.676301
25464.983023
-122503.717501
21513.406756
-25710.386001
7161.408144
