-13578961.689958
12649645.166860
8125749.767869
4834198.430343
-4094976.158634
-6316443.668021
-3769580.800485
-1339190.351979
-2431967.575902
222195.078262
1848689.698479
1108637.891966
722519.942466
1324438.189444
-7198.937827
457665.173668
78628.935073
-163978.748912
-98971.685284
-116775.371346
-217022.372807
2820.729733
-127321.847081
16148.772510
-28039.295238
-3964563.954658
3098118.078324
2071270.186973
3024924.804956
-331809.639584
-1493213.269061
-2133772.926505
474140.689832
-1135584.375812
-344617.610151
358799.526053
485952.083430
-233385.043761
589777.616510
-212148.064902
32068.000921
83807.709583
-12795.715080
-11077.669486
31523.568733
-87601.083206
56836.924784
-10396.140517
9269.503319
12221.768477
7652048.615735
-7121867.625590
-301157.666260
-5276672.555151
2312048.273367
219418.430242
4087598.991844
-1516224.147854
197295.183972
-135615.945073
-56104.048552
-1196043.274093
813164.402617
-100864.767922
54388.969256
246302.548236
-41598.661851
3409.509777
107798.733867
-131127.359943
14895.826741
-14264.813882
-66731.960596
17537.086016
-5752.490632
-7376715.239861
6674993.257222
-3112870.934524
4432976.410938
-1935976.595817
2389113.187840
-3368097.918093
576840.031455
1531949.045255
-16233.714647
-674834.159980
933119.968324
-302009.425018
-827960.786441
262836.057314
59187.670980
62316.573925
53079.190311
-70097.726629
46038.852951
132975.377340
-72916.973006
-17624.929703
13112.574472
-13063.157756
-18403178.436778
17175407.921091
-10875343.031909
6813313.589476
-5559701.644710
8537211.031376
-5332119.856440
-1591076.008390
3326404.943782
275879.695373
-2540486.096336
1576336.774152
876639.197772
-1823522.130049
71434.263748
586979.128849
118178.095225
231776.364344
-141450.551771
-146390.520526
301669.118351
-19774.252346
-164756.152476
25908.885718
31597.937382
-28477603.867212
26721154.099611
-19787424.327105
-656653.336428
-8681429.190202
15746169.113468
533074.735560
-5521218.165979
-350622.741054
375324.188951
-4749985.965957
-169962.223152
3113661.682454
197450.443544
-829899.436166
-80166.287738
207726.424445
432407.673231
18118.222054
-530479.507769
-34299.112470
244596.069665
22916.928416
-50386.855278
-7127.763106
-3679911.272950
3145213.336489
-2617699.264859
-1314279.821504
-716121.133014
1921217.394401
926124.215101
-523269.059619
-768347.436393
-113081.355896
-493098.636953
-216906.382757
282813.323206
386538.435552
-5529.317142
-159626.922266
43827.541008
28620.589590
8485.793616
-45246.403832
-55019.208268
3704.845846
42171.612459
6541.505966
-9632.966671
-23504746.265016
20881940.211255
-9433237.665142
-14851273.918906
-5759031.029671
7006866.992326
11027919.293553
2327885.815639
-4955333.325129
-146398.482776
-1881264.149175
-2959895.413329
-1198954.301086
2555891.039069
957842.098958
-120999.308220
195299.206128
136507.056387
214740.255166
180837.262816
-386016.613569
-250134.054542
32034.221000
47535.267794
57915.692491
-3704868.016132
3145777.114856
194299.650008
-3036127.051377
-681332.813336
-138552.859170
2220810.398295
987597.923650
129948.225371
-139690.655502
33679.693505
-563262.997271
-513247.134252
-65142.212697
-36425.957085
175460.878770
49635.741737
-1650.968218
30666.460311
76962.208149
9310.134344
9330.452850
-47232.251038
-13198.853373
-3960.464275
-5074853.366968
3814624.731726
2259628.781643
-4104598.900226
-340992.540888
-1485037.791543
2687551.055135
933568.380997
1451268.274139
-384648.400406
296183.533969
-522803.893183
-437572.142789
-672603.512794
-352084.370382
22605.260835
78914.991043
-2297.681092
-1346.998580
54854.729580
83427.751455
83895.282578
-6548.299367
14032.431004
-28099.961263
18574396.541859
-17195626.203345
-11346182.075385
6581283.505750
5413669.016849
8828702.394580
-5135774.619415
1892620.107760
-3288759.379855
-190570.099527
-2578362.734793
1505762.558653
-1025925.562597
1800563.945916
-4887.719741
605607.426254
-130124.023366
224498.803360
-131560.520310
166693.535817
-296466.995155
-139.155305
-169758.086586
-19349.446282
-36178.236576
-2079418.135891
2686165.354181
494690.586389
-45458.719455
-1614347.769288
-854858.704485
50637.966727
160184.141595
6359.142751
426907.643721
506159.193071
-23496.800289
15220.607512
-9468.318474
-80797.263075
3062.652550
-29190.785954
-93115.388278
3817.314574
-27640.310920
3086.734777
13052.043611
-88.438059
10090.824078
-724.078356
