2694665.985630
-1522607.138462
-2255391.382657
-2188763.978987
-429618.648314
1135463.578598
1362590.873968
315519.873349
1396811.833528
402609.984839
-14676.063567
-223840.784961
-80026.049674
-616711.539428
95973.643979
-322083.096464
-50063.974523
-53356.059685
-10588.137487
-8327.078586
67513.854818
-27762.218726
72787.879451
-22709.822678
23076.950088
-6064829.192155
5003557.222225
2794260.037359
4226116.561416
-951038.100882
-1994017.145954
-2972506.033618
689552.243153
-1545441.853443
-272681.495898
483268.295764
694173.091121
-335941.117202
774484.841964
-308430.804233
41909.948615
80698.262122
-22940.102049
-26767.108480
45024.087835
-109873.198222
79045.353154
-11775.812040
15333.569204
18961.398574
-9992366.870326
8632877.983649
240439.114391
7910218.165181
-2073978.930450
-193146.985624
-5820893.534237
2510111.420018
-132792.142690
-255406.749805
60329.688712
1516734.856103
-1297001.685046
73977.555284
-31763.137510
-441360.280160
115663.743587
-6171.209138
-95950.586493
195351.637543
-12614.823725
8969.620672
116315.913632
-33661.386076
3017.427990
13103912.839108
-11589526.691063
4521884.785557
-8868430.736341
3138785.651722
-3339911.604576
6572014.667328
-1848911.931877
-2577029.585358
113416.199579
887150.277432
-1755253.048521
956906.556804
1323918.508210
-571545.009195
78095.893403
-113218.517177
-62505.923292
125203.175475
-145000.155760
-198896.513424
149303.702427
-21629.534549
-16672.313950
43146.799429
-6242837.661043
5782789.707139
-3827853.220007
2345977.614854
-1796825.760161
3016751.691871
-1856817.524242
-594463.356117
1149998.039435
32454.036341
-894958.196520
554304.154462
328891.795821
-645735.070259
10386.990712
201468.847134
53259.517251
78559.147077
-49082.330324
-54820.271992
109635.345581
-3850.093425
-58640.626742
6720.004617
11057.056039
-3910832.795001
2770058.984082
-3845654.304329
-253220.533855
-7558.175432
2487732.818277
227657.245392
-1412981.902675
-109130.795129
-424507.764034
-455124.822724
-80611.393647
656312.557140
76482.512534
-282489.416934
-12562.751747
81471.421491
-12093.664545
9002.148352
-80563.604794
-16145.869656
67363.680718
6370.654207
-24599.964013
720.787410
-1366913.682796
1119406.175932
-887528.873187
-678984.881608
-226796.731732
582096.781843
464535.359154
-131211.707110
-392648.880412
-36088.438837
-114294.390129
-105693.052652
59784.221844
185068.906927
24045.853416
-82890.815147
9745.562015
561.512037
5136.119249
-6774.667675
-23408.236645
-6035.294944
20477.891615
5738.510350
-4661.922081
-12362507.709905
11184439.395613
-4928622.034611
-7536356.784411
-3299798.268784
3707320.033924
5696644.576870
1078864.879359
-2523411.994659
36043.559491
-1021312.801249
-1587056.960490
-569654.054124
1321184.929069
464870.774841
-88739.409746
89102.423869
79345.843930
127376.458379
89727.525864
-204560.863658
-123659.711361
23350.004577
25146.693306
25374.431834
14206766.287861
-13733326.516330
5241.518122
9245215.994725
4947248.994193
-20885.988878
-7499375.710699
-2505651.779237
-15873.358214
-500814.307792
14485.612911
2367760.149778
1423955.949049
-295.585688
10764.487074
-380238.931886
-53063.409493
-2553.236603
-243590.638717
-247964.479341
2246.095448
-1755.427331
111350.056474
24510.594238
1749.231177
-21437514.440393
20080007.720286
7733284.664899
-12706668.629414
-6567891.031332
-6075644.968430
10035077.997842
1914910.985417
3763330.392945
348522.237588
1816056.333952
-3021544.320158
-1069412.814276
-2064030.837093
-670129.417680
-66226.248294
139048.777053
-168106.820349
281862.551098
182164.826159
343475.021748
187300.007896
15826.603383
30172.970831
-36784.103482
13336460.495006
-11767937.701019
-9301330.584009
4272558.192553
3089832.460419
6967750.898816
-3165017.077528
2043890.482791
-2457037.354009
205627.929222
-1876271.585282
826378.265879
-1082695.483409
1292980.623872
-133618.303951
530878.943645
-135186.116908
130321.945248
-50659.774808
169370.795248
-198118.107107
35828.476441
-144573.456167
-7218.728351
-39102.163353
-14575500.574878
13829016.785183
9759957.486141
-519679.929077
-4736590.284006
-7735119.050916
401903.764764
-2725461.483925
307693.448508
382640.262560
2348730.271812
-116175.627886
1505407.247146
-167064.240935
427412.096322
-75340.144088
67168.113238
-225692.932925
9826.219261
-252099.528180
27383.261562
-120699.656339
20818.465283
-28794.178195
7103.918177
