-30797491.512967
27234412.902783
20026217.930369
11815045.084844
-7364754.058291
-14822756.990006
-8771482.747054
-3538899.033259
-6338825.733117
-275700.521034
3946778.310844
2352044.075171
1817041.267025
3268971.940713
-21573.767200
1278197.298951
267958.506350
-278729.888903
-169998.070831
-271999.112133
-493365.137248
6393.238544
-334117.634066
50692.006321
-84465.916017
8973965.435114
-8481029.171380
-2989898.043906
-5140973.827692
2933257.605697
2295246.922695
3989604.001171
-837472.656018
1518571.817289
-292454.099934
-668437.150838
-1182634.881245
453905.904798
-799148.061989
295753.895347
-17024.402933
-21837.742278
62361.426792
113169.706779
-74684.684708
125889.547399
-78927.324791
2915.026294
-13497.445256
-18102.089095
-4851922.954954
4778508.146439
280729.640855
3044120.156699
-1805483.210438
-233404.739655
-2534386.704181
772330.859255
-143950.955678
214725.116113
77147.757712
836857.678846
-452252.549927
83761.383559
-31146.094199
-107980.650091
14850.119981
-8638.658929
-92809.742137
82518.252800
-15204.038115
9235.146445
32449.653949
-6515.083772
2648.679415
23674427.245597
-21534364.561169
8302522.983909
-14935256.963424
6483685.005988
-6317399.268748
11304327.697199
-2766386.264031
-4380053.501243
-143467.577109
1786762.135324
-3160567.470147
1444558.235423
2304483.406252
-894616.442550
59588.453738
-160771.557276
-149820.429516
256780.953097
-222843.905793
-360242.417980
237890.022997
-14758.955334
-28336.807787
62264.299417
-9018368.396829
8105274.468282
-5596364.123616
3457198.138256
-2377087.952021
4147051.769588
-2580240.031804
-930226.104965
1821256.642778
42687.966559
-1126547.774459
709906.761266
465796.914910
-929695.323677
22821.127889
369809.490368
57325.731310
88999.204087
-57456.802877
-68143.181435
140203.628377
-6966.421499
-93652.441899
16806.981685
25451.012739
-46581.511619
1290662.844898
1509513.656137
-318785.251601
-1620592.259946
-346691.702376
288455.363035
975157.689467
-126040.493726
610630.001519
-333257.715693
-109280.991876
-340444.576018
81501.582588
260653.655788
-19568.507447
-56355.411540
107128.548119
15131.068006
10541.794914
-17016.397908
-54351.934164
6748.982562
26740.978550
-972.754464
4299874.914141
-4012987.615002
2596581.506877
1463744.219282
1296213.865355
-2035706.073446
-1147151.670527
439774.504101
726564.247919
-61827.279731
601825.233602
338396.748505
-241871.913031
-400309.013964
4714.666076
132790.999820
-27819.046642
-53338.580853
-29725.810616
40262.588818
66584.910880
-1183.386796
-37337.949999
-4015.858162
8074.208580
-49175784.483390
44497735.888396
-19538170.610747
-29917625.568507
-13150735.454873
14718119.676572
22581809.572367
4332767.934073
-9947793.981002
161560.254041
-4074584.841805
-6279161.688339
-2272657.861340
5197579.927967
1843957.114504
-321393.492378
351397.911456
322447.048419
502935.192101
353968.194650
-803407.388961
-487623.435630
84337.711189
97613.094102
103569.090975
2598233.554424
-2517640.144136
-17525.754811
1691134.234647
899848.634382
26446.270181
-1397707.963851
-425818.973736
7059.152614
-76907.908082
-14042.770659
452679.801172
249936.839838
2727.319674
-7577.664535
-55866.957622
-15181.840737
2306.732249
-47239.121296
-45744.584769
-1812.129504
901.680250
16804.444898
3065.672094
-1626.627898
-2374952.920299
2475090.748386
484223.488471
-1281989.199568
-1046763.708002
-484800.578119
1159304.399447
261310.299229
154062.181060
155323.961348
201683.115444
-425227.118676
-161276.008909
-122189.762448
-19276.093721
39108.261146
6246.379363
-29147.789318
52636.938127
31014.190517
29854.411634
8789.306187
-10692.606419
-3428.194580
-1814.952225
-20290928.930518
17923968.791218
13674129.029077
-7202904.013822
-4762176.320017
-10192723.124247
5362008.804438
-2710305.390855
3978168.212886
-262267.844157
2728180.230985
-1427230.585013
1415764.432591
-2083233.403290
93944.935104
-824434.609882
194370.668057
-189409.667907
96368.900656
-216572.870658
318723.583908
-24164.654134
221654.368039
21567.916259
57068.002553
-14284774.503812
12516920.143168
10645558.308671
-854923.150999
-3419363.354416
-7620131.670982
579495.707415
-3414651.476302
593270.697465
-14752.598201
1951855.031663
-130039.758014
1658326.612086
-276276.525981
639845.493163
-177833.794583
87117.068565
-138772.123966
5367.738181
-232771.438984
35973.869439
-153572.089857
41011.840389
-54425.968636
21590.695944
