2694665.887402
-1522606.973787
-2255391.372317
-2188764.044714
-429618.772542
1135463.525951
1362590.903681
315519.868128
1396811.885689
402610.022315
-14676.023984
-223840.782178
-80026.040190
-616711.559305
95973.649967
-322083.109882
-50063.977150
-53356.067665
-10588.139842
-8327.081822
67513.855992
-27762.220542
72787.882248
-22709.823776
23076.951105
-6064828.880996
5003556.919087
2794259.935481
4226116.391064
-951037.988275
-1994017.061223
-2972505.896510
689552.215137
-1545441.807049
-272681.509381
483268.267636
694173.047905
-335941.102479
774484.815467
-308430.795457
41909.949622
80698.261402
-22940.098847
-26767.103927
45024.085521
-109873.193513
79045.350698
-11775.812173
15333.569020
18961.397915
-9992368.016264
8632879.034735
240439.151789
7910218.978794
-2073979.254706
-193147.014032
-5820894.157013
2510111.660243
-132792.165479
-255406.739507
60329.696606
1516735.033584
-1297001.812748
73977.567447
-31763.143288
-441360.320178
115663.751189
-6171.209738
-95950.601432
195351.657769
-12614.825653
8969.622247
116315.924434
-33661.388976
3017.428557
13103911.955455
-11589525.891438
4521884.419248
-8868430.199966
3138785.419994
-3339911.323299
6572014.257440
-1848911.860825
-2577029.407105
113416.196920
887150.197439
-1755252.933064
956906.519105
1323918.412369
-571544.978655
78095.899778
-113218.509294
-62505.916791
125203.166310
-145000.149848
-198896.498051
149303.694061
-21629.536351
-16672.312414
43146.797893
-6242834.267120
5782786.529057
-3827851.236810
2345976.368792
-1796824.715095
3016750.137178
-1856816.550359
-594463.065763
1149997.430007
32453.972868
-894957.733626
554303.865906
328891.636304
-645734.738523
10386.976702
201468.737772
53259.498040
78559.104388
-49082.303926
-54820.245471
109635.291098
-3850.089751
-58640.596373
6719.999475
11057.050053
-3910833.419941
2770059.562188
-3845654.744273
-253220.568572
-7558.358615
2487733.158838
227657.273670
-1412982.030807
-109130.813951
-424507.756120
-455124.922100
-80611.402455
656312.625937
76482.523591
-282489.438122
-12562.755669
81471.425504
-12093.655701
9002.149174
-80563.615916
-16145.871651
67363.686454
6370.655422
-24599.965576
720.787122
-1366914.564359
1119406.967584
-887529.437224
-678985.204906
-226796.959991
582097.203957
464535.600808
-131211.808845
-392649.054864
-36088.438619
-114294.505767
-105693.118580
59784.274473
185068.997270
24045.853107
-82890.851132
9745.568546
561.521028
5136.124284
-6774.675704
-23408.250439
-6035.294871
20477.901014
5738.511746
-4661.924577
-12362520.508396
11184451.338146
-4928626.861621
-7536364.191811
-3299802.165242
3707323.798966
5696650.343470
1078865.914290
-2523414.318262
36043.788478
-1021313.915565
-1587058.660701
-569654.611422
1321186.185711
464871.184831
-88739.472764
89102.495949
79345.946295
127376.613236
89727.616155
-204561.068723
-123659.823465
23350.022051
25146.712991
25374.454184
14206763.441166
-13733323.893030
5241.523366
9245213.982496
4947248.170274
-20885.992906
-7499374.165237
-2505651.181450
-15873.355033
-500814.273188
14485.614116
2367759.705346
1423955.630785
-295.587310
10764.486152
-380238.830552
-53063.391946
-2553.236731
-243590.600246
-247964.428663
2246.095694
-1755.427094
111350.029161
24510.586652
1749.231071
-21437514.579124
20080007.829325
7733284.742847
-12706668.718355
-6567891.049633
-6075645.020183
10035078.052597
1914910.995029
3763330.437713
348522.232955
1816056.344890
-3021544.329362
-1069412.817418
-2064030.857324
-670129.427117
-66226.251955
139048.777958
-168106.820702
281862.550926
182164.826202
343475.024130
187300.010052
15826.604358
30172.971588
-36784.104044
13336463.760859
-11767940.594885
-9301332.788319
4272559.309210
3089833.243990
6967752.542167
-3165017.905802
2043890.934237
-2457037.979255
205627.960967
-1876272.027527
826378.485768
-1082695.718997
1292980.949070
-133618.323822
530879.076721
-135186.146305
130321.976954
-50659.789790
169370.831428
-198118.156573
35828.481688
-144573.491537
-7218.731580
-39102.172995
-14575496.880918
13829013.324628
9759954.944892
-519679.876240
-4736589.144326
-7735117.059907
401903.726714
-2725460.756450
307693.413681
382640.192341
2348729.679581
-116175.618437
1505406.850170
-167064.223255
427411.979052
-75340.134595
67168.092537
-225692.878389
9826.218761
-252099.462775
27383.258973
-120699.623735
20818.462825
-28794.169992
7103.917178
