17244791.099244
-16079242.989538
-10811082.189128
-5193285.452055
5220264.253572
8451923.975058
4050830.246233
2135036.477895
2684368.054403
-280146.980623
-2515429.631424
-1200719.923177
-1157859.077186
-1447923.774580
-118528.595531
-549798.999548
-106379.088139
233800.935814
110964.149730
190650.721733
235899.358166
32470.064904
149154.165762
-10304.419760
40394.891773
76385.626921
359490.707367
-314168.810452
-476780.177680
-537796.096204
85023.686745
138719.421144
-130973.410670
310339.329497
216107.850550
59180.785893
85212.908736
51404.426125
-108691.096822
83687.280606
-19271.040646
-21585.804433
-20295.848352
-31113.720220
-3283.985809
3224.860810
-17715.061044
3271.098749
-6574.174256
-5415.457855
14796051.808889
-13694664.475550
42278.141255
-10218807.815443
4426513.472642
-40288.064127
7783652.456216
-3039707.445408
-16716.524277
-290242.817102
15301.830406
-2225148.943673
1586123.962604
12948.835166
-1581.547923
527284.801819
-65586.668551
-1876.556147
196485.419874
-246505.820724
-2953.018722
1045.332824
-137940.776621
41081.250893
-133.219004
5110838.346234
-4877687.617295
1709634.123866
-2893324.867154
1741226.192755
-1328429.868162
2265230.270824
-469294.547463
-873778.590942
-199157.963846
400044.981812
-686496.176564
256299.738998
460835.579204
-176177.228244
-15601.966520
-8584.177119
-40902.154996
69277.036503
-42883.553507
-73577.367871
46837.549868
3039.160536
-9240.201222
11087.219996
-7652352.708001
6835598.192608
-4726200.518922
3065447.078825
-1961609.110127
3475081.616855
-2284710.960049
-745155.665275
1601198.123030
13622.194055
-929273.912144
626081.675215
364683.982126
-815622.504357
32740.535054
320693.766587
51268.846402
70611.850150
-49863.640544
-51271.119856
122579.860375
-10157.547857
-80642.338518
15486.477286
21809.174910
4507600.359426
-3912998.495368
3421838.613098
-201599.265956
1017917.107119
-2428706.889823
148357.825019
1139044.450929
-132685.505498
32780.276215
597543.156024
-36980.783647
-556114.643554
71229.994247
221072.506813
-33905.313280
-29554.004654
-35531.019507
1577.024733
76309.220748
-10992.209568
-54897.209401
9734.339236
18923.736552
-3000.230331
5329566.198872
-4737723.778099
3528198.198605
1915302.890721
1301452.981337
-2630312.389775
-1424905.377398
685557.124360
1063066.692443
40670.396654
708141.848565
380890.835935
-356470.715588
-553238.544841
16880.850736
224933.410177
-46117.886942
-50737.179559
-26429.229932
54525.925052
84461.390220
-4326.544226
-59420.311039
-7276.546471
16299.641427
-49033070.663709
45866591.361321
-18410613.746106
-28334773.717163
-15025881.425676
14438890.754638
22175927.197810
3933188.671099
-8774459.333159
875732.970240
-4303490.690263
-6587937.958718
-2130741.420216
4787226.471567
1522076.259425
-224331.669005
286772.357596
397426.262879
605254.640238
348212.758573
-789626.812947
-420729.428978
64376.752066
69658.771433
81928.439179
-4251551.594564
3753396.126980
260029.185032
-3207967.584283
-1014865.766394
-210005.693852
2363822.762743
1009946.218175
143277.833338
-34087.262548
65952.007440
-626256.450597
-516059.096142
-80600.799743
-34010.896958
180354.825912
35512.535261
-6839.940300
44295.362230
76984.538409
13733.391807
9962.185830
-46636.767127
-14129.875174
-2980.888742
1067140.841836
-1897295.746639
224083.270872
-457232.260051
1556756.771386
60163.642490
-77418.321820
272438.281313
388522.849337
-545867.620777
-151525.468298
270016.476224
-96241.983121
-131526.302691
-125174.056869
15411.723275
59374.365493
40498.973977
-74014.999176
2425.408778
946.360591
26996.418436
-3599.184517
4253.939059
-11386.061193
618850.902821
-1779086.502975
843855.284529
-629108.005872
1757706.639286
5691.195118
95432.760264
-310232.669746
710948.570405
-624284.965085
-355600.533741
184859.444861
84367.018720
-236835.660752
-22780.917657
-208926.485160
58213.643471
96351.258872
-55937.536254
6335.499613
2057.144283
6497.813275
42239.501493
12291.834912
17323.607990
-36313236.755768
33535700.201493
25514915.198371
-974292.532988
-10617529.336074
-19637124.455505
689831.831224
-7494051.974833
650828.823380
489768.163736
5678890.102362
-167351.774540
3995315.915110
-321532.819720
1249525.072401
-183022.635450
218590.186355
-499233.546683
8599.495952
-639126.152820
45595.689550
-336754.787904
45521.715680
-91498.373809
20311.249315
